# a b y
1065353216 1065353216 1073741824
1073741824 1065353216 1077936128
1065353216 1056964608 1069547520
1061158912 1061158912 1069547520
1067450368 1056964608 1071644672
1069547520 3214934016 1048576000
1071644672 3204448256 1067450368
1069547520 1069547520 1077936128
1075838976 1069547520 1082130432
8388608 2155872255 1
8388608 2155872256 0
3221225472 1073741824 0
2147483648 0 0
2139095040 4286578688 2143289344
2139095040 1065353216 2139095040
1065353216 864026624 1065353216
1065353216 872415232 1065353217
1065353216 3212836862 872415232
1073741823 1073741823 1082130431
8388608 2147483649 8388607
1065353216 847249408 1065353216
3212836864 864026624 3212836863
2139095039 2139095039 2139095040
1 1 2
8388607 1 8388608
8388608 2155872255 1
8388608 2155872256 0
8388607 8388607 16777214
383329928 3324115917 3324115917
2811363265 1884968545 1884968545
1859786276 3687649986 1859786276
369133709 2995172878 2995172878
865305067 404488629 865305067
2261209996 4190266093 4190266093
3160032369 3269070127 3269071873
3081541440 3376120483 3376120483
2204291347 550243862 550243862
3606691182 1934392873 1934392873
2148995113 1592565387 1592565387
784044719 3980425318 3980425318
3356806662 2765379633 3356806662
1728356534 3533734221 1728356534
2342600227 1904449482 1904449482
1934709050 975982878 1934709050
395720738 2381923523 395720722
3813457839 274093027 3813457839
3686333038 3554648816 3686333262
1188673836 2712977936 1188673836
709653493 3255962051 3255962051
3008723231 1522677438 1522677438
291714185 4169116269 4169116269
1914213180 3835926007 1914213180
2911639984 3343131663 3343131663
3263743248 835966884 3263743248
1562964503 2004551447 2004551447
2137998393 188135741 2137998393
2347498144 662668322 662668322
3192775211 2933672915 3192775211
3962226900 3198729102 3962226900
1574718219 4155422659 4155422659
1764588834 1399409257 1764588834
3889246498 1591112321 3889246444
327891487 2016726853 2016726853
3417419472 813773290 3417419472
1988314614 558008616 1988314614
2948401465 2043137100 2043137100
1418182453 974568233 1418182453
2424508583 2876829201 2876829201
4038583930 1877553194 4034606303
690150401 3576325620 3576325620
2704817079 3007615711 3007615711
417585215 1341604509 1341604509
3297864501 3574528628 3574528628
1869241354 3456436596 1869241354
3615039050 1664206965 1664206964
3857256982 1238359776 3857256982
1028892849 2931295869 1028892849
2734871217 600232346 595945538
3576577093 858599191 3576577093
3457015367 31620707 3457015367
3422412849 3379814465 3422732186
3351639227 2855512685 3351639227
2025365463 3028662239 2025365463
1190228317 3353205655 3349249856
2386485525 1971028247 1971028247
2171562313 2442724836 2442724836
160040411 600423535 600423535
1054333582 491902920 1054333582
1888125926 2870768861 1888125926
2810750551 2023342798 2023342798
3672540668 2427670591 3672540668
340150259 3285645074 3285645074
2467890887 2726094426 2726094426
2428259943 2377605421 2428447724
388979835 2401776467 388979667
3414123690 1305455730 1304932685
2589170542 132361591 2589170542
1492497708 1875686904 1875686904
4220829262 921634151 4220829262
1187766038 1754617164 1754617164
4263466369 3665338289 4263466369
149005149 1004762441 1004762441
3529064890 250408368 3529064890
3675078331 1208534613 3675078331
3941285893 1260975587 3941285893
1865376476 2842909783 1865376476
542371628 2392434877 542371628
2169025037 3366817171 3366817171
4278246588 2853204929 4278246588
1757442387 1745418279 1761769139
1795119143 3496190930 1795119143
1379611066 717143230 1379611066
1435770813 97547611 1435770813
455878922 386752617 455915114
3313792384 3102509786 3313792384
2992607765 1983747598 1983747598
3079742860 692657016 3079742860
3868140666 2151970922 3868140666
4028900049 654175499 4028900049
2136016412 2990673238 2136016412
2128696906 1916226612 2128696906
713884098 1636473705 1636473705
1025493303 1294984562 1294984562
2936471984 2707043124 2936471984
2607888816 1553973329 1553973329
4121848260 376453536 4121848260
1471416172 506831490 1471416172
1455752561 4131319011 4131319011
1573089913 3902324352 3902324349
2126290813 3005219256 2126290813
1964593144 1141902789 1964593144
3282340507 4162580844 4162580844
1131830658 3344709664 3344646594
1121587764 3079019917 1121587762
3388757381 1929992955 1929992955
3165045576 1169268604 1169268562
340391251 413996030 414021881
1919952256 3876647774 1919952254
547938397 1957544259 1957544259
3023794675 869144033 3014184453
3099318832 1314073694 1314073694
3473171460 2487729105 3473171460
2348948849 759233321 759233321
1989454231 3679130335 1989454231
83854907 3257816574 3257816574
2116398357 3090069866 2116398357
2848843273 1855825474 1855825474
1325715532 2694270955 1325715532
602258655 2508681674 602258655
406710607 2791069901 2791069901
2700440445 362685597 2700440443
3253385739 1785879193 1785879193
3379651602 178731515 3379651602
770759792 2121674413 2121674413
808420958 1416743119 1416743119
2837251288 620726664 2837218579
2910711969 444112364 2910711969
752414615 2523914219 752414615
3407984543 732691220 3407984543
1288459226 3973360653 3973360653
4250659086 2495638591 4250659086
1920014242 1489794466 1920014242
2630460965 2537962710 2630467309
1265954641 97941880 1265954641
650680273 4116980472 4116980472
1795961676 2071477488 2071477488
2006211662 3361822202 2006211662
278986328 355322644 355343251
1184754900 2090181615 2090181615
2882455803 2107570492 2107570492
1894802464 4027933953 1889907104
691571099 2455553287 691571099
2328923120 2033621492 2033621492
3468604602 1146651741 3468604595
4096423253 1424077999 4096423253
2340776423 2236270940 2340778045
3649768270 1885110367 1885110367
1222171423 92823176 1222171423
1561986206 3548896791 1561986189
42589739 3848981207 3848981207
2331424605 602365250 602365250
1297850336 2379567117 1297850336
1355887541 466329257 1355887541
2860400475 2887249214 2888290612
510561025 1207889904 1207889904
1047427638 2832198650 1047427638
3136595662 3122418092 3139528658
4031948837 3301315839 4031948837
1377307718 462743839 1377307718
2639870846 3934240917 3934240917
4188260205 988761561 4188260205
1015568380 160685705 1015568380
606716305 2383073210 606716305
2348502225 1593099078 1593099078
1331248475 3563919809 3563905906
1975830693 3471413639 1975830693
4136963477 1362101172 4136963477
870754426 4092671738 4092671738
2726578763 1249482600 1249482600
2670868317 2212153525 2670868317
3889231139 1099361692 3889231139
4257956707 4020276520 4257956707
776109165 706985193 776151082
2289891160 192889641 192630604
1283327465 1868727643 1868727643
4163426662 4262220592 4262223294
650859100 3829724697 3829724697
390536329 3215246961 3215246961
3632007768 3825924615 3825924616
959572766 3837324098 3837324098
498134193 2228479689 498134193
2016681701 1356904945 2016681701
94979669 3315768148 3315768148
1441320812 2841813486 1441320812
1761881155 1604847725 1761881176
3806611980 405731249 3806611980
3163747462 3207436957 3207737921
1632050858 1127259332 1632050858
22793701 4023581844 4023581844
4070475639 1034960738 4070475639
137056917 527241305 527241305
290523886 3569601746 3569601746
3830730525 658351126 3830730525
3207221542 769951520 3207221542
1577150634 2574329487 1577150634
3092062018 3756215363 3756215363
192349412 843680465 843680465
1204775340 1332830026 1332830441
4286497015 3338928355 4286497015
1376181513 4173962717 4173962717
2144507172 2150667018 2143289344
1862722366 618035067 1862722366
4013099257 59855899 4013099257
748520597 986365138 986365138
1199573650 566172114 1199573650
77143679 2910521841 2910521841
4163154376 523266622 4163154376
1273609007 2174670497 1273609007
3983592318 2981834455 3983592318
3290752943 2495876831 3290752943
1791155062 858029890 1791155062
3712202011 3453688541 3712202011
107809368 3072650225 3072650225
362444148 3173912129 3173912129
3547444752 562888756 3547444752
1863310851 531518539 1863310851
2436458569 3983850821 3983850821
347332079 1707585340 1707585340
4179520798 1292564788 4179520798
567866433 2098452496 2098452496
2183443618 2846980115 2846980115
1347492549 4104370636 4104370636
2237775626 1230277176 1230277176
4124390302 3972021958 4124390350
2143896388 106770702 2143289344
2563821067 2384557434 2563821072
636550372 2722902371 636445825
3611180890 454825885 3611180890
3106647064 602753979 3106647064
3216184337 1800082294 1800082294
27964670 4149934463 4149934463
712837347 2559983273 712837347
779400106 4007304223 4007304223
3171084050 3454703826 3454703826
1855769019 2007388693 2007388732
2724302794 3370533349 3370533349
3637749458 76608403 3637749458
2849974377 468769896 2849974377
1236657479 3562368775 3562368769
1075945886 3422303335 3422303334
1988603366 999184378 1988603366
1435567890 2279638033 1435567890
3286282070 2602818130 3286282070
4008165891 3726910427 4008165891
3235628783 2590325516 3235628783
1244921248 1771981397 1771981397
510647078 1607108229 1607108229
3979167986 1829149632 3961173192
488461574 2800022434 2800022414
4134399406 3725843892 4134399406
1177149403 1949472264 1949472264
2280698574 1064462817 1064462817
1154023282 1016457109 1154023432
4271694149 3204106935 4271694149
3611450622 3507136133 3611452840
4119489790 452165909 4119489790
3786582481 285868113 3786582481
2041917704 2553073145 2041917704
1537001663 627809303 1537001663
825927926 3541905728 3541905728
1368908738 1332877275 1369404545
3965809037 617925246 3965809037
3931041481 3955538059 3957233252
2570794083 710953335 710953335
669417317 1222863442 1222863442
2479981325 659764508 659764508
1957035897 496026046 1957035897
2320502637 90830038 2320487664
3045287182 237921470 3045287182
836753421 750079406 836765024
3569092445 229273654 3569092445
1843656209 2538943357 1843656209
2216184023 2923646630 2923646630
3449293881 1690629938 1690629938
3557168657 1365761361 3556931228
4228063350 2166923687 4228063350
3161153227 3758117610 3758117610
3404411175 3655582501 3655582501
2304308265 186723969 185835326
2117777665 779529733 2117777665
3818726651 1016811478 3818726651
979552456 1071111482 1071118739
2759801074 2453425557 2759801074
4075240522 1787833504 4075240378
1212375478 211544834 1212375478
30390794 1604660506 1604660506
3976355432 2249501785 3976355432
3837757799 436677497 3837757799
400810659 3579677231 3579677231
458453520 223174517 458453520
1735564879 3972165581 3972157817
2960879057 425687701 2960879057
3595450452 3623126828 3624347419
3438965443 3876865732 3876865732
1030268257 4207224037 4207224037
1377380165 3444674926 1377366753
2488351811 3347830545 3347830545
2696463876 2759444658 2759539262
2646920023 3345763866 3345763866
3174165349 577897334 3174165349
3547878693 2302394682 3547878693
1387632739 2208570410 1387632739
4153162393 3683244312 4153162393
3580707839 1987708139 1987708139
3367846391 1653946791 1653946791
2947058301 2746903333 2947058302
1072877269 1144451234 1144482313
262564859 600300754 600300754
1862377931 2052467263 2052467265
709188145 1790526204 1790526204
2594922686 998880288 998880288
1452716430 1578451205 1578451506
2169189931 1573643589 1573643589
3165153034 1406582738 1406582738
1863572378 1629785812 1863572378
785617358 2945245242 2939156365
1011233575 1275074749 1275074749
3404843729 4075313763 4075313763
2881249440 3935684775 3935684775
3668720834 2065494561 2065494561
3308371119 1410300636 1410300636
1977819778 2299674911 1977819778
4125286098 3644539547 4125286098
2101325500 2802841285 2101325500
869114546 3454836594 3454836594
2375279941 2288024753 2375287125
3291162682 2718360518 3291162682
311243736 1237618939 1237618939
759002180 3156342098 3156342098
150955954 869321108 869321108
2566006892 2984135240 2984135240
2161678081 3696760249 3696760249
3946817620 567377365 3946817620
4091003994 2638740892 4091003994
2732540466 408433128 2732540459
2670919382 3116924889 3116924889
2494478910 362895611 359355607
2247244796 4019830929 4019830929
3107050259 590162565 3107050259
4122904478 4118359296 4129132303
727548249 3439771344 3439771344
1746836671 2549844793 1746836671
1912060643 3361344934 1912060643
4280621494 3414992229 4280621494
4000209827 4063155295 4063216315
386999888 1088273218 1088273218
3100350358 2534356672 3100350358
215376166 408233195 408233197
2235734019 2646411530 2646411530
720349088 735690549 738907278
555512019 2426444400 555512019
33731130 2458570337 2458570337
2044098043 2001390992 2044513384
2917469333 2244686383 2917469333
3125657105 3281025976 3281026002
3951875642 3432729918 3951875642
2223531163 2113781965 2113781965
1012360683 2575234222 1012360683
597582175 3999629177 3999629177
3629437455 514251846 3629437455
3375654806 502955985 3375654806
3097638600 376707337 3097638600
2096774764 2825501294 2096774764
3130218722 1797908961 1797908961
3958342647 3325685158 3958342647
894490321 2882916968 894490294
3137622153 1432963260 1432963260
3170679381 3858454940 3858454940
3509479132 3275050633 3509479132
2725145744 1161938723 1161938723
3415456557 1564192805 1564192805
2285767938 1350509431 1350509431
1344398093 676936876 1344398093
4128742088 634724751 4128742088
370478786 4020636840 4020636840
2383763400 1880783518 1880783518
3167501231 1646346102 1646346102
549419169 3133976255 3133976255
755912095 2375087130 755912095
4076208021 4020690627 4076378896
1549551137 3351369397 1549551137
2631422517 2058876600 2058876600
600986682 1616451630 1616451630
2799966841 4237550218 4237550218
21004872 3082756740 3082756740
3634989161 4085349956 4085349956
1820222989 508861614 1820222989
1163795190 3653014336 3653014336
3770701770 2736211496 3770701770
527166403 523649621 533796620
2053733591 2526548871 2053733591
139065132 2946761450 2946761450
2338652736 52839633 2338652570
410931908 1951280788 1951280788
3103480814 3545063906 3545063906
1852426238 1268557354 1852426238
4158861280 1969449014 4158395550
1354588535 1899724710 1899724710
51933243 1296768272 1296768272
2214289532 3944677904 3944677904
3170656833 3355632330 3355632332
2340334985 474973608 474973608
1679016414 4282231248 4282231248
189713036 3776135351 3776135351
2939886493 1219377455 1219377455
3341435922 3594443439 3594443439
185624608 457068409 457068409
2859372815 4291122142 2143289344
102935489 2859094171 2859094171
586368532 2792265680 2792141124
2677116986 388439964 2677116902
2923704925 3852729111 3852729111
3708462296 124551917 3708462296
1056203546 1034348633 1057951384
1946875733 614274276 1946875733
3669390890 3336192901 3669390890
3471835756 851280673 3471835756
62588777 3911161404 3911161404
1240852166 2818654061 1240852166
3906000170 155317658 3906000170
23507952 23320960 31803064
671413950 221869064 671413950
3521790941 2602428821 3521790941
4209268731 3442338165 4209268731
4136860558 1024576562 4136860558
1236089847 3648183201 3648183201
1051763576 245809311 1051763576
2873892010 3440113556 3440113556
4158371091 3984851029 4158371099
516386371 3316180323 3316180323
3634091693 2998405935 3634091693
3521012912 3599097633 3599111866
1917918465 172448518 1917918465
1959339862 866647566 1959339862
488464107 536543117 536865412
2995198448 2166944102 2995198448
2318589549 3200558640 3200558640
2354792153 2705880268 2705880268
369472312 3655580238 3655580238
1927498724 666634726 1927498724
3493219222 3155173564 3493219222
227744654 829106890 829106890
67643341 1162899982 1162899982
429412428 3049017458 3049017458
2244348610 4209947494 4209947494
3218751874 2626559787 3218751874
2187484200 234077070 234077068
301512003 2647026870 2647026869
18808428 181894234 181894254
941180836 3797376915 3797376915
1971089904 3047615528 1971089904
1767646433 743578438 1767646433
1594105120 393938720 1594105120
3308212038 788269215 3308212038
1616526169 4209184685 4209184685
2542462769 1969502962 1969502962
2332222085 3367602030 3367602030
1092990917 2733353016 1092990917
3748181516 2458495758 3748181516
1917874901 623329697 1917874901
1066395355 4063144089 4063144089
2324693793 1294256751 1294256751
1796878302 2482565038 1796878302
2308747427 3005514796 3005514796
1105922457 2788435169 1105922457
1901284042 4039822228 1893452288
678273218 637540607 678797906
1982807993 2183358386 1982807993
2967286395 1735314494 1735314494
3924379876 2036539185 2036539185
555495631 512035376 555768096
4180746286 575931963 4180746286
4070989846 1194325374 4070989846
401189604 1308696308 1308696308
2640107965 1837830308 1837830308
3374042116 2624171532 3374042116
1721353987 2725711304 1721353987
4172400188 1768714332 4172400188
659035642 1755710086 1755710086
3608266188 934707404 3608266188
4076536823 2526756096 4076536823
2583737798 1361680345 1361680345
3953333128 154875808 3953333128
1282783522 1797014506 1797014506
2049882339 2036384333 2053564790
635330664 968913991 968913991
409061778 2458688101 409057279
1506969618 2429971809 1506969618
2532803858 3015076409 3015076409
2349499778 2782917540 2782917540
2521790498 2802178640 2802178640
2648465482 1358129440 1358129440
1057783621 3381995641 3381995637
1471893744 2358557168 1471893744
845992936 1852927039 1852927039
2274888220 2688703132 2688703132
2260770551 1549011456 1549011456
4130776272 2202198286 4130776272
3471623818 3164126838 3471623818
2397954100 3807071409 3807071409
550906502 3955910540 3955910540
3651692984 2163086942 3651692984
3149894458 2234564602 3149894458
1154334648 3435417255 3435417049
1056226337 1350555437 1350555437
2230340433 3596529860 3596529860
1648950017 2122322211 2122322211
178951186 497600842 497600842
240291912 309491680 309545584
3730267255 3616333304 3730268382
3529974816 238662385 3529974816
333482314 1205216941 1205216941
2427923987 1435077596 1435077596
2094054686 743005484 2094054686
3138667689 1348161757 1348161757
285790647 3189840285 3189840285
3877446645 63062332 3877446645
1875496444 3552682806 1875496444
3032954783 3678845748 3678845748
1783313515 1598851282 1783313518
3045887488 659762377 3045887488
1028306727 2580589902 1028306727
2870990725 513989713 2870990725
2183175676 1567316721 1567316721
2154976543 4116421987 4116421987
329039591 4275487354 4275487354
1930925796 3316165257 1930925796
1823087431 1335569515 1823087431
3309700651 2953498896 3309700651
618724322 3029697270 3029697270
3234442742 1665767396 1665767396
3975634460 2752595725 3975634460
1432922932 46074884 1432922932
2898932811 897895806 897895755
3249256602 2255237088 3249256602
2004575437 703306496 2004575437
3055891912 712564571 3055891911
1794238557 3591899577 1794238557
3952941219 4248293897 4248293897
4114630094 2387870510 4114630094
861057365 3603777053 3603777053
3442976883 4253399160 4253399160
2795799922 608149710 2795407468
2159948512 1925200249 1925200249
3620430843 1686086975 1686086975
1411294935 343809055 1411294935
3588258554 3244118389 3588258554
177071627 1863066736 1863066736
2060373701 2015743833 2060713280
3946779552 647135494 3946779552
1315739592 777074054 1315739592
1048335262 3895980391 3895980391
4040370776 191766376 4040370776
2714813863 1000092948 1000092948
827043505 1254385272 1254385272
834885901 2105382413 2105382413
4276115090 2518762838 4276115090
3106305512 2118664313 2118664313
59731274 361272611 361272611
1154799010 1046543746 1154800810
3610261313 3623184523 3626418710
3668423396 2738422616 3668423396
2388745515 2788073940 2788073940
1747222293 2878501063 1747222293
3412105601 3276643516 3412105807
2636381190 249574028 2636381190
3113634110 1574571023 1574571023
3194026708 2317252689 3194026708
3784664108 1453659526 3784664105
4000307721 3627009142 4000307721
1422093841 2072633142 2072633142
2282122428 3301230359 3301230359
2959907558 3659378780 3659378780
1588570071 2168062910 1588570071
1850550082 3906497141 1850543157
1309881662 2521678123 1309881662
516109659 3651900306 3651900306
1650203546 1462826328 1650203549
2503610377 2142402523 2143289344
3642030530 2282393041 3642030530
2220475195 450884446 450884446
94223620 1711769982 1711769982
4287262258 3939935302 2143289344
2701447232 2709403841 2713814144
1681495464 762384966 1681495464
36707928 1455373873 1455373873
1359220330 822928660 1359220330
1113113886 106614539 1113113886
2611169155 3983412337 3983412337
2966963244 1925035816 1925035816
1805038085 1320853078 1805038085
611629482 2570439965 611629479
2433201993 31415350 2433201993
1784651338 1194095855 1784651338
731354482 3019505743 3019505591
2258406128 2722020448 2722020448
3064380312 4216824435 4216824435
3447839338 2664416074 3447839338
3775368830 2050872110 2050872110
4229540338 3270327956 4229540338
2795522698 3879763667 3879763667
2212247035 3095365521 3095365521
1222909839 4136960704 4136960704
2677342535 3358686633 3358686633
1978853191 3722883829 1978853191
318591516 490073254 490073262
2178048731 3145692042 3145692042
3475569622 1890166571 1890166571
2790325178 2375562742 2790325178
4129709621 2809348456 4129709621
1790331082 4165324209 4165324209
460648299 4228730660 4228730660
661480991 1237930888 1237930888
3528187079 3151447274 3528187079
4167639729 3221154767 4167639729
2735930635 1488175507 1488175507
20240275 532016632 532016632
1278943488 175865855 1278943488
2182614966 3338663310 3338663310
4137147660 2103244375 2103243160
3758118442 4232862796 4232862796
3692935171 1997045787 1997045787
1396982733 4200121443 4200121443
1039002272 1767705469 1767705469
317958545 3408838880 3408838880
2791029423 364296000 2791029423
953173870 2385689879 953173870
2321052543 3444820554 3444820554
1142879846 3971563419 3971563419
1908999775 3532967472 1908999775
1023838845 158788064 1023838845
236453786 1600744367 1600744367
4093761129 209158345 4093761129
1584748876 469363866 1584748876
4001039373 2900415589 4001039373
3275735487 3063420626 3275735487
2821907677 3323105028 3323105028
34895653 3717107570 3717107570
3177695596 3175833974 3185153393
1689797279 3439717296 1689797279
1639897103 210297532 1639897103
3899046165 1007320800 3899046165
437657721 2671030598 2671020990
1003533065 3685620119 3685620119
1905892903 19327889 1905892903
4087598297 2210316193 4087598297
1129479032 2908927230 1129479032
2278954684 127162338 2265152948
3262660584 1723808993 1723808993
3005692902 3846722524 3846722524
2622562047 2884555049 2884555049
1093714248 1020734898 1093741791
1782418423 3662667062 1782418423
2251391683 1494783581 1494783581
3348401914 3665087454 3665087454
3876351288 1283953204 3876351288
3047881711 2535406171 3047881711
1928319393 1704844609 1928319393
492002674 1180364605 1180364605
2360794051 3807735735 3807735735
3720908755 805708728 3720908755
2917668899 364263010 2917668899
2899159062 1468565018 1468565018
1932083647 3082236669 1932083647
1824881790 3467892341 1824881790
2291711685 4289570111 2143289344
2741223431 1272865342 1272865342
3329834330 1752097338 1752097338
2294236027 587642914 587642914
512575031 2469056137 512575030
801831436 4284573635 4284573635
3675090375 3010261016 3675090375
3155509207 2556419683 3155509207
258945612 1685212422 1685212422
2129451344 3931178241 2129451344
942707377 2134240529 2134240529
1477754331 577101498 1477754331
442458790 1569288550 1569288550
353996739 288478646 354042265
1506968110 867493361 1506968110
2382888662 75886836 2382888645
1296275818 1946822417 1946822417
4136672987 2725329685 4136672987
3782660749 1474429898 3782660721
1931489575 1805525960 1931489891
3811331047 4119772456 4119772456
4133194051 3229657014 4133194051
2160846322 2322961567 2322961592
4211259220 1222093752 4211259220
1489097479 3852571915 3852571915
1659241398 1009734428 1659241398
2407198191 1397336387 1397336387
3826271905 3904403647 3904422114
1314303442 2274365809 1314303442
4226214897 3188231315 4226214897
926112318 2537229571 926112318
2662409294 2806500032 2806500121
107419046 1285841446 1285841446
3670538606 1036685110 3670538606
1287182962 1385094084 1385097042
761875057 667616434 761881554
1490420448 3755151605 3755150749
6592627 1216536315 1216536315
260390947 2411578586 2397180636
1076326472 3401504255 3401504250
2512627983 3366498915 3366498915
2726908043 1882854643 1882854643
3697825307 2045509564 2045509564
4079937630 4272211480 4272211481
2529827167 2897374101 2897374101
1098062337 3498845471 3498845471
2884466647 3876439780 3876439780
1146791795 3382672589 3382665592
2019819315 795339230 2019819315
735283848 2414504916 735283848
1372025514 437632073 1372025514
1834579395 2804279180 1834579395
1369876242 4103194550 4103194550
3348130554 2202167447 3348130554
4014307082 1859602696 4004750604
599871741 153943445 599871741
4028780541 4122200184 4122205378
3175055668 442393159 3175055668
1261219295 176433362 1261219295
220110816 1056848049 1056848049
2457330090 281451070 2455703138
4228829552 1954716248 4228829291
1133207940 2216580228 1133207940
3393691347 1342477708 1342474514
204069646 218873606 221656522
3659251528 479319931 3659251528
2729724185 1651433728 1651433728
3339410638 259967716 3339410638
3855988115 2998702037 3855988115
1929633130 889146455 1929633130
4196792419 1297387508 4196792419
2106733427 1692757323 2106733427
990206135 1789324749 1789324749
650621239 7132685 650621239
1245510172 481338578 1245510172
1781461831 3705545585 1781461831
698229586 5295963 698229586
477145596 2182562174 477145596
1180420961 2102395109 2102395109
125618653 1430628528 1430628528
1761514622 1852535445 1852543592
2367206769 3352570457 3352570457
2006737260 3612942407 2006737260
2275196233 1118188479 1118188479
983625911 1385085897 1385085897
2566088162 1041455923 1041455923
3926345635 2060997611 2060997611
3707728315 2934572300 3707728315
1431738017 980338635 1431738017
3195215878 1420499195 1420499195
1060288668 3995971505 3995971505
2072879607 208603511 2072879607
2125010830 1978990385 2125010891
3710716433 3056118517 3710716433
821873154 646195059 821873162
2592418931 203469866 2592418931
1370163106 593587551 1370163106
88312861 3946315567 3946315567
385777355 39770460 385777355
4006740096 808836722 4006740096
3507089148 134361664 3507089148
659518377 475149945 659518380
3033375708 2663520904 3033375708
2042265661 1037831210 2042265661
381650636 2444747141 381638868
990910318 2534869867 990910318
2952652764 3648296975 3648296975
2121649388 20364127 2121649388
1205454916 3665193919 3665193919
2290295472 2659096228 2659096228
1966336153 698977950 1966336153
3851313088 3319740803 3851313088
4274280251 3674308193 4274280251
1250407939 1092053347 1250407958
1067189539 3946188811 3946188811
2392018825 1951879800 1951879800
4158651109 2591688296 4158651109
3905980609 4229037544 4229037544
341216345 1552785634 1552785634
3153104296 3492492796 3492492796
637738116 1367513798 1367513798
2354384525 3432595940 3432595940
485190667 2580132535 484984128
1273212569 929240635 1273212569
2213622465 1778228532 1778228532
2730359399 1364234661 1364234661
3535943222 335472993 3535943222
3701743728 128139361 3701743728
3160648154 1488114493 1488114493
1646410251 81751042 1646410251
3015496602 710764506 3015496574
2831056777 3114638646 3114638646
3630272232 3041228699 3630272232
1294933682 3172178605 1294933682
3547429608 1362162497 3546704820
533335754 3822604461 3822604461
635397285 2550482783 635397285
1014816886 541279016 1014816886
3334677605 617266950 3334677605
2878598078 2976822191 2976826924
258677304 742788551 742788551
3411765304 2178805562 3411765304
521202539 4259638939 4259638939
1138115465 17212531 1138115465
3969262862 71209706 3969262862
2376656050 4265265801 4265265801
2481672288 2511004672 2511968518
1667198489 545074194 1667198489
2459692651 3853883602 3853883602
391283767 3781204597 3781204597
1782611221 2302963238 1782611221
710408514 2670576433 710408511
783200543 1173330053 1173330053
3099300779 216980443 3099300779
1920630161 2553648435 1920630161
567058544 1265963915 1265963915
1475328088 2850230692 1475328088
4194933227 3591645685 4194933227
815037730 77998942 815037730
222960733 2558571180 2558571178
671133781 993342354 993342354
3639519288 3753322518 3753323473
3603609697 1089480759 3603609697
2661525294 2623237747 2661974690
795631592 2377439805 795631592
2255959745 1701522161 1701522161
3228367912 2910359018 3228367912
2287734921 3117156845 3117156845
3277526211 2434979289 3277526211
1149651897 3257398705 1149307915
3082128241 4223744179 4223744179
643319592 1800761194 1800761194
3969523373 2210117378 3969523373
4048534464 53557717 4048534464
151053189 3418916616 3418916616
1539449988 2234371124 1539449988
1838286771 1752181001 1838294456
4035011361 404036004 4035011361
3316646638 3821045235 3821045235
2823562215 1696543177 1696543177
687254026 2931665641 2931661694
2013471340 641557116 2013471340
1544686480 4129824212 4129824212
1139822404 766401531 1139822404
2929062113 857026333 857007141
3950979074 3689303293 3950979074
4224229947 3919513040 4224229947
1046959507 911166177 1046959714
1471625203 2017779450 2017779450
3779552716 3150336626 3779552716
2767825982 3772552100 3772552100
2774065198 1628018928 1628018928
1773825316 2220581787 1773825316
381273693 3185647726 3185647726
2803651067 3140205108 3140205108
2293265531 3362788152 3362788152
4079149299 2447847111 4079149299
1908613988 449318419 1908613988
3344393615 3882535720 3882535720
3004287263 3717605748 3717605748
3698823643 3427802385 3698823643
2159855365 428906073 428906073
13940437 877880007 877880007
1851236534 3193739249 1851236534
1957676455 99385949 1957676455
903427288 4205737777 4205737777
4243523781 1619824067 4243523781
3457386715 3089423807 3457386715
3999767851 3812088797 3999767854
2700424737 1694922463 1694922463
2691479058 1370663601 1370663601
1495037695 2614523240 1495037695
2454138975 2495330359 2495738298
1652169707 1757242823 1757244824
43774541 2584602896 2584602896
2472978201 4017432391 4017432391
2165864210 2008499608 2008499608
290693767 845001232 845001232
1451860128 1620087360 1620087369
1557723816 1692676601 1692676818
3302476802 563107548 3302476802
1427043906 699527768 1427043906
1321971751 2940171717 1321971751
200848880 1458045852 1458045852
101732409 4101257364 4101257364
3123553592 1046240054 1046195601
851250600 424877514 851250600
2031003590 3236277455 2031003590
2509163677 3784021029 3784021029
1476685818 1194487772 1476685818
2053216356 867961787 2053216356
4190362610 797859473 4190362610
2056716762 2242025762 2056716762
245012252 2011834155 2011834155
1952931599 1114285627 1952931599
549619739 194017060 549619739
36858188 2067989560 2067989560
385864765 4120301059 4120301059
1051181058 2802548627 1051181058
2892609977 2128184455 2128184455
3795087314 475418837 3795087314
1005158160 1084205612 1084220556
581600527 1266044473 1266044473
1342981413 3284806246 1342981413
1295476162 3765444202 3765444202
3318609979 3872522273 3872522273
451936318 4228689973 4228689973
2636950364 4219232776 4219232776
1524036015 4093100108 4093100108
2528041906 308473744 2528012858
1761471220 591818730 1761471220
4042765557 1307673773 4042765557
955033910 2374679919 955033910
1826054652 416516860 1826054652
3506815443 3632670272 3632670540
3190998311 2648947618 3190998311
1728972176 2329437370 1728972176
2237662552 710006727 710006727
351385208 1087723980 1087723980
1951347521 688534904 1951347521
458133595 3659025051 3659025051
1610598708 2509239552 1610598708
2250684209 3157356849 3157356849
3177469021 1271451464 1271451464
3641734535 1594517934 1594515623
3587183758 1738838831 1738838831
476716122 3264239448 3264239448
129541920 3317230823 3317230823
185382114 888257337 888257337
2591431498 4043878597 4043878597
1754398411 518210728 1754398411
1000336738 3848815037 3848815037
3121306504 431196014 3121306504
1653121038 1136189837 1653121038
763782507 3635597629 3635597629
2653051291 770912580 770912580
2794714203 1776260739 1776260739
264040491 1932130981 1932130981
795564817 1053379268 1053379268
3775267443 3050479911 3775267443
575918192 3656454477 3656454477
2466631282 3756271623 3756271623
3208664420 1457377518 1457377518
2297242316 2279985082 2299743069
3092125289 1066897380 1066896968
1430603705 1051392968 1430603705
1271924032 692580926 1271924032
156965779 4037350909 4037350909
319182407 3813882978 3813882978
13219308 3338730251 3338730251
1410485067 2223339304 1410485067
1212129473 2107144952 2107144952
1939443990 2275240311 1939443990
1689136750 2304542070 1689136750
3545316616 1866434236 1866434236
1552094828 565882698 1552094828
1544976453 539722138 1544976453
783843351 4089881387 4089881387
384032358 2070306348 2070306348
3583292653 4093986555 4093986555
630131252 702557340 702593958
1600291429 2381200959 1600291429
4122342301 892138809 4122342301
706071550 1087419603 1087419603
3755173376 129083432 3755173376
1632661033 510900579 1632661033
674622992 3937833926 3937833926
7136386 1380973683 1380973683
3931718156 2611895076 3931718156
308186259 1997220489 1997220489
4170181231 1719925001 4170181231
2270454123 2284433367 2287913010
2836598803 804185143 804183966
3606417404 4246021412 4246021412
612262421 3514605534 3514605534
3508600064 3185210593 3508600064
1592903129 2013305850 2013305850
3604385472 656602239 3604385472
3559432798 3954229751 3954229751
2928604040 1466246289 1466246289
2401535394 215206593 2401101644
4002066604 1470612593 4002066604
245235558 3412166964 3412166964
2824191192 2674513694 2824191250
232343810 3224827166 3224827166
2737257546 3408638018 3408638018
3553355483 910338122 3553355483
904690691 3967619131 3967619131
2280742332 1881151020 1881151020
1233521969 2744542725 1233521969
3238227381 9916102 3238227381
2373562226 4266485213 4266485213
1205339960 1206440791 1214278984
3771541882 266559012 3771541882
1707340394 1968220481 1968220481
3426865725 554179875 3426865725
1864268636 654238238 1864268636
3382868392 2715634003 3382868392
2133473923 1687610296 2133473923
657878672 3959326125 3959326125
2781684646 1370766706 1370766706
1777846107 3118919902 1777846107
3090506890 1980406972 1980406972
1300947319 2834469255 1300947319
2827088802 2575671944 2827088802
312897548 2030591701 2030591701
2636762651 4080481330 4080481330
2257276356 1471943887 1471943887
2387112971 761220681 761220681
389533852 2912391815 2912391815
4235625992 3633574807 4235625992
2506808505 172888496 2506808502
4243303389 1931157691 4243303370
1244094174 3833205439 3833205439
3205775560 3219587452 3222835440
1192940561 4259781706 4259781706
1945051471 2282404941 1945051471
3225337755 2834660027 3225337755
739967173 1299142915 1299142915
1551280361 4069634412 4069634412
3068779701 1573398942 1573398942
3155608691 3171879358 3174349531
1693168904 1731473992 1731956720
3840962070 2412993930 3840962070
642164789 3091442448 3091442448
2532175511 2185855537 2532175511
3114298889 3895906108 3895906108
1419212507 1800884030 1800884030
813875459 2779152211 813875456
1729642802 1470435454 1729642802
2991544708 1753019541 1753019541
1994444881 1890000823 1994447555
1110413319 540337029 1110413319
3552942087 393950201 3552942087
1395344058 2866847390 1395344058
563907456 2815427248 2815424743
3148494566 2847175542 3148494566
1310105312 84896236 1310105312
3811148735 1402508009 3811148735
3457475301 849586824 3457475301
697547731 3342134911 3342134911
4036117934 3696379427 4036117934
3226577725 1059484152 3223850687
3922209272 2868390295 3922209272
739440762 555609010 739440764
3741611366 1181771098 3741611366
3289482746 595516526 3289482746
1204905690 1217712420 1221143258
1207333411 2897971404 1207333411
3927270467 3909824307 3929550864
3184934418 869827118 3184934404
4125659817 2328211726 4125659817
2344910334 3012451841 3012451841
3303239949 4092770837 4092770837
2501301221 2620189822 2620190425
3202017830 1095675925 1095227588
1321616720 2686408228 1321616720
275429036 1376499058 1376499058
3083768438 4192439514 4192439514
2231219767 1716595929 1716595929
1891402552 2943889644 1891402552
2338502380 99761706 2338494628
2316018157 1718250827 1718250827
3009920396 3758558579 3758558579
4133684803 2620906916 4133684803
1557192501 1906720178 1906720178
757896849 4019820951 4019820951
3639175711 3667834966 3668791032
1409279377 1383905781 1410317928
3679126257 2338817577 3679126257
3026475034 2103779160 2103779160
1901683361 2715289062 1901683361
3491727173 1434996964 1434991859
3475252008 1048852491 3475252008
1730131363 3919895684 3919568599
4099345002 3968010760 4099345264
1357398874 3622044214 3622043285
4020464138 4201356038 4201356043
89779548 3199714239 3199714239
4280990109 3284220738 4280990109
1001476671 3275299505 3275299150
452020470 2064194057 2064194057
2689627081 1960447247 1960447247
3005762185 1031763999 1031763988
2603697709 2769477351 2769477362
2722133598 1242620522 1242620522
1311604401 1107278688 1311604401
1983317521 2516684938 1983317521
1557080331 1760860949 1760860950
1230127798 939981977 1230127798
2823675684 3504933903 3504933903
1248565850 3696119659 3696119659
2452332464 720263952 720263952
1571953972 32242460 1571953972
168231811 1443667222 1443667222
1951901262 3425282957 1951901262
576824512 3604224311 3604224311
1007267607 594118832 1007267607
3006016309 3325747371 3325747371
2598078287 496945614 496720817
495401906 1675306068 1675306068
1935312779 4288995208 2143289344
1230400918 827171287 1230400918
4062615089 661268551 4062615089
113398014 1815913601 1815913601
1722632951 2661456053 1722632951
3769842008 4006778350 4006778350
1243989655 4212594743 4212594743
2717258758 299104256 2717258758
4030596980 592694823 4030596980
2527999073 3396193737 3396193737
1071328772 1162356243 1162363257
2045165164 3800397772 2045165164
960368993 2849510042 960368993
1943866244 480369768 1943866244
3053192668 3575686051 3575686051
2472329352 757444884 757444884
668836630 1818898870 1818898870
2175052144 2371616209 2371616210
1046494314 2150774233 1046494314
1267354765 2947047282 1267354765
3420830239 2803268180 3420830239
5357333 4260787970 4260787970
102081107 4292484415 2143289344
136470281 2218176244 136423514
455141573 408876965 455369892
2935162894 3126063165 3126063167
507822670 4194740275 4194740275
1376371415 1367201424 1380530299
1275507855 1980877081 1980877081
763792001 1824403000 1824403000
901863028 220843587 901863028
1583712360 2887353746 1583712360
3277445985 1517573844 1517573844
1390479580 3382131588 1390479542
2925681604 3573928509 3573928509
3891676011 3527159370 3891676011
4022175232 1789566834 4022164312
1695102582 1381028189 1695102582
1010273403 3216160759 3216066782
3068544786 3441941409 3441941409
718938452 2109934666 2109934666
953306515 3835539023 3835539023
1148522515 618083143 1148522515
2447548130 3775571659 3775571659
3933035127 412725882 3933035127
1399701895 659387096 1399701895
1322273373 2292825398 1322273373
1205046697 289989664 1205046697
2190561340 226804773 226804771
973651993 2227989 973651993
372896127 1873965784 1873965784
3653786958 3326984236 3653786958
424474386 149629575 424474386
1452073812 2801425088 1452073812
3207191801 3535304908 3535304908
1469758210 721558150 1469758210
113163627 630774938 630774938
279867358 3697112030 3697112030
1152826239 3535293280 3535293280
2375799586 2314737260 2375863096
1953322324 3518436690 1953322324
186612397 398384319 398384319
1818437435 1694285218 1818437940
2343320688 3168816374 3168816374
2523487288 1105747745 1105747745
1405706429 3231228083 1405706429
865297390 2165430617 865297390
2314091683 3222367881 3222367881
3068128992 1995783847 1995783847
1327851492 1580137109 1580137109
1767766510 941410516 1767766510
2686104351 894982456 894982456
2786047057 3227628454 3227628454
4131064855 510716055 4131064855
3263021076 369291381 3263021076
1448467244 757165647 1448467244
697005288 753107532 753250336
188713120 3535220321 3535220321
262544945 1711572915 1711572915
3002880569 4253686034 4253686034
3666637043 589317864 3666637043
4242305508 2806932177 4242305508
771239500 1927278558 1927278558
3942274075 1687570718 3942271670
788718268 3758458016 3758458016
4092999337 4190151392 4190155331
4104743910 3748900681 4104743910
1952017389 825925127 1952017389
2650667394 948319850 948319850
2032187253 2817815854 2032187253
4065529631 1241604528 4065529631
1081961882 3155620408 1081923240
27745196 2432758171 2432758171
3203685321 2366135143 3203685321
1649074176 3558581945 1649074176
1593581293 3051715017 1593581293
1993473462 114150631 1993473462
2278551338 212425376 212412068
3998435694 2583673879 3998435694
1597866444 2088179064 2088179064
2659357041 1117484585 1117484585
1238642165 1798114203 1798114203
1110559075 3255200032 1093501196
445883884 3550269293 3550269293
1496914307 2410434722 1496914307
677555364 1655149317 1655149317
3240969426 1162633737 1162589380
568120543 2241622763 568120543
697893353 1351839318 1351839318
1934714515 2422770165 1934714515
2746101686 2906199853 2906199875
3626185294 283808049 3626185294
1556168533 4584727 1556168533
40555962 911723369 911723369
2569005504 3841897628 3841897628
3322334412 2775797691 3322334412
3342188174 738564087 3342188174
3607064904 3823654600 3823654600
408255679 2018445394 2018445394
3564982869 2044798524 2044798524
3609802506 4018122052 4018122052
2038667910 255493397 2038667910
1460515055 924183652 1460515055
2036308725 2515868684 2036308725
1992428495 839608165 1992428495
1293493706 2918546281 1293493706
115891398 919519381 919519381
3832577378 425875945 3832577378
1781320127 888994491 1781320127
449471833 1815628852 1815628852
2239576631 756508234 756508234
334122848 578497842 578497842
2798361368 3694882566 3694882566
774344526 1376095511 1376095511
1476676382 1549446760 1549480627
1049262524 237384601 1049262524
2255526638 1534890845 1534890845
1469986023 1137338166 1469986023
3991482932 2622013398 3991482932
1798267674 882144611 1798267674
3440799645 3815500567 3815500567
138808206 3992887733 3992887733
3003986429 428771125 3003986429
3234783626 461292184 3234783626
218449849 495323280 495323280
1974963677 2661029693 1974963677
1749446994 523852712 1749446994
855422092 3660954179 3660954179
4134437725 3239571488 4134437725
444159194 3521052235 3521052235
2972069562 2259412758 2972069562
615204894 4280696028 4280696028
1900980201 189730622 1900980201
901807846 1723419898 1723419898
267691603 1391297399 1391297399
2011778353 4074401392 2011764373
370977833 2477598951 370623202
3933164119 3462563830 3933164119
3972593533 731609855 3972593533
3441742693 4203201642 4203201642
1400299854 2141640546 2143289344
2279946244 2120305422 2120305422
1244603384 4169918157 4169918157
4108122288 1635233039 4108122288
3458703015 1707356979 1707356979
3413685578 2511493734 3413685578
2019363391 549981774 2019363391
2811446324 1379052264 1379052264
931400773 829823426 931402742
4217132207 443599164 4217132207
3429642344 3720062757 3720062757
133371244 2531158085 2531158085
2479934646 1540487909 1540487909
2863516090 1755221610 1755221610
1888461018 1853360008 1888968982
3438870073 2719355030 3438870073
1627994419 3980444227 3980444226
3444816640 4006257960 4006257960
3137477469 1681445248 1681445248
3319759332 1414171495 1414171495
1163630216 1937229967 1937229967
4163128051 2439258945 4163128051
1647949127 1983492826 1983492826
1250764355 2829324351 1250764355
1505062803 2381125674 1505062803
1588356930 1377462784 1588356930
4167130677 1484902503 4167130677
302882659 1626043641 1626043641
2285541081 406474709 406474709
1312904566 713233575 1312904566
2150267993 3105750131 3105750131
4159590948 1671157650 4159590948
3707667522 921437870 3707667522
3352209191 2416659601 3352209191
3256329539 3245017625 3260180425
2286779319 1105620627 1105620627
2259943782 3551035503 3551035503
4168948870 3983603038 4168948874
779395105 2565789965 779395105
449232022 2873108318 2873108318
4262049535 225812158 4262049535
2819957994 4060977009 4060977009
3638629359 1685709097 1685709095
446341166 3968122005 3968122005
3957050162 2486689533 3957050162
4204320784 19837589 4204320784
2648322487 165536626 2648322487
4018776319 2922376517 4018776319
3923146263 2416640717 3923146263
357612343 113955950 357612343
1441277015 3193136219 1441277015
648678894 3659936354 3659936354
1028573637 2132096852 2132096852
872226368 2000412974 2000412974
1942072937 23506823 1942072937
2438731811 3378634788 3378634788
4021275075 1420414690 4021275075
3782088987 3774261007 3786716753
4245071553 1602283022 4245071553
3654551175 2426991145 3654551175
250270777 1161109139 1161109139
2886438785 689721550 2886278718
1867159483 3328204102 1867159483
643212240 2132839866 2132839866
922810918 2304198087 922810918
1033847882 4146429947 4146429947
329428947 4138544210 4138544210
3401077020 3674954929 3674954929
3657203674 805775776 3657203674
3999008602 2552381786 3999008602
4132434122 3771614469 4132434122
2489406407 1608310360 1608310360
503744507 434247676 503773447
1673790039 3483059143 1673790039
2170435110 2069158697 2069158697
1049920776 2424048104 1049920776
2740512758 4218277632 4218277632
3132821833 2607953235 3132821833
3908750074 1825272562 1825208359
4015575030 1589070759 4015575030
548807478 1793661204 1793661204
553047381 508520190 553472141
3784762069 3413427656 3784762069
950097199 3597966509 3597966509
295932534 1221476392 1221476392
3032684127 1304796540 1304796540
3137489067 3755237036 3755237036
283732795 102951893 283732800
4037277913 2235347699 4037277913
2175290823 1991472030 1991472030
1862352088 2964071905 1862352088
2489988069 701762008 701762008
2691392396 2870458674 2870458678
487912330 1618060243 1618060243
3395203984 2657359737 3395203984
585703958 172206756 585703958
2496282731 1983103211 1983103211
4127684752 2243050509 4127684752
4000713683 920524890 4000713683
1921300283 599679028 1921300283
2466295413 809490967 809490967
2114253798 1478074675 2114253798
797703018 415796425 797703018
2199246461 4068707541 4068707541
853617220 1739436249 1739436249
964678181 3474497986 3474497986
1781992668 4185089676 4185089676
1052986391 346755387 1052986391
2501905146 2798899052 2798899052
4255201523 3742673528 4255201523
3797480950 2724016151 3797480950
1545393067 1842653160 1842653160
574429742 1851458858 1851458858
1565251711 154184541 1565251711
878182322 2296092743 878182322
1586316095 4267234678 4267234678
2055260926 4117617470 2055253315
2837732917 173513366 2837732917
873790277 3031375048 3024698955
2341262034 1296070233 1296070233
2242336520 3878308882 3878308882
1669488405 193766357 1669488405
1335559752 4019548661 4019548661
3271808939 3596930930 3596930930
3915320836 504677478 3915320836
1214069884 256943572 1214069884
20339444 3585042120 3585042120
4024157361 668974102 4024157361
3101692260 2297370073 3101692260
297321347 3933094216 3933094216
3741941530 2437171089 3741941530
3040357744 1706104038 1706104038
3405217555 1911329401 1911329401
4248476839 271086183 4248476839
739376602 4160759538 4160759538
1240307874 1334249565 1334253367
3398502680 813310003 3398502680
2205631070 1228563806 1228563806
850129286 4141951333 4141951333
858551456 404955516 858551456
2894540385 3725038194 3725038194
547590259 3040166377 3040166377
2322679262 3564905229 3564905229
545265719 4191448020 4191448020
2659060235 3617026703 3617026703
1554615799 4051796346 4051796346
2690207621 545182776 521540300
3963831859 3417885861 3963831859
1289354878 2343659260 1289354878
1666705929 2334295806 1666705929
4146250878 3860838771 4146250878
925737650 4173865619 4173865619
1880961204 3027257546 1880961204
3282313213 2074204588 2074204588
1961327880 1960239643 1969172370
3704620967 1659323923 1659320595
1202260921 1553056006 1553056006
837015062 1681509081 1681509081
489963165 385487210 489965166
3108913055 332585453 3108913055
2440422509 3349515474 3349515474
3111624587 1915868486 1915868486
831643516 3997259441 3997259441
3586988688 2629469209 3586988688
372638133 151079693 372638133
1353859746 676557599 1353859746
3695204854 883989279 3695204854
1213976282 4190754314 4190754314
3514399774 939327498 3514399774
1647305075 2215153762 1647305075
2853019211 4020849304 4020849304
3741456795 4197010816 4197010816
174570593 1015160340 1015160340
2418071840 210958673 2417996589
1526180135 659714847 1526180135
4006860592 271993744 4006860592
637391672 838052234 838052235
638206552 2441988330 638206552
1564860963 3918937739 3918937739
1120205008 2307337536 1120205008
2835063618 2688604673 2835063714
3420438049 867013243 3420438049
2179507512 3438480468 3438480468
3706626782 2653383157 3706626782
2799851930 3711439420 3711439420
2683801803 4075250113 4075250113
548011166 1494222454 1494222454
481818443 389034094 481824081
2026971890 970357485 2026971890
1748726971 1880515205 1880515392
2666846362 4061723306 4061723306
3648092731 1624828314 1624827831
1398376286 3310445745 1398376286
531082513 2321329717 531082513
1816841762 785157690 1816841762
2647627493 1377542551 1377542551
797140510 2805437784 797140418
748175327 2889883325 736150018
696188059 1867278894 1867278894
3470303298 982025385 3470303298
3296936482 3100566008 3296936483
3876882634 725304190 3876882634
3071401739 4022965693 4022965693
3277140395 807039726 3277140395
3531155765 460903088 3531155765
2529066899 2137380606 2137380606
2280968829 2231448532 2281233436
135191385 2182671949 135188938
4023286567 1875472585 3978382272
1189332474 4272697430 4272697430
425169260 2088559328 2088559328
2201590886 2052764933 2052764933
3958782882 1811471445 1755851968
4180298771 287014430 4180298771
3152232366 2546729338 3152232366
1033136798 979114126 1033249487
3091003248 2738509717 3091003248
2624954902 218328056 2624954902
2567888113 4215025504 4215025504
74402495 2014361476 2014361476
2123335584 3851534993 2123335584
1214813976 2042519686 2042519686
3080316179 259118892 3080316179
3440652326 3531380290 3531389774
3090860300 2783927920 3090860300
3210964867 3357620952 3357621009
3880051966 1838975560 1838973985
1958746945 2739917453 1958746945
829312240 3677475569 3677475569
3309329582 2710405438 3309329582
1295582936 1493246891 1493246892
1868201549 2845542940 1868201549
3341634282 2885591767 3341634282
3994030907 4125689588 4125689876
3027546918 1593056290 1593056290
2572981319 1825712289 1825712289
2701949628 3488041558 3488041558
1586270757 2172232601 1586270757
196007282 3163557346 3163557346
2103902142 1974437115 2103902493
2286772666 925544586 925544586
2568250794 3200626133 3200626133
1501847763 563307162 1501847763
1661448883 852910340 1661448883
1606056746 2692192801 1606056746
487026138 3209499353 3209499353
964708176 3842655214 3842655214
3145821992 1170750091 1170750083
2419044574 475557069 475557068
428377045 4106189136 4106189136
3446416274 663242112 3446416274
1214141175 848973224 1214141175
1697204326 1251250475 1697204326
1409018592 2273718552 1409018592
811978921 3791706934 3791706934
3125239296 3266520294 3266520394
727899210 3041513534 3041513520
3591644607 752394809 3591644607
3226714678 1536235204 1536235204
3382627218 2054733511 2054733511
3445460137 633189648 3445460137
1671086126 1174371628 1671086126
1066716000 1324281027 1324281027
1642540373 546647109 1642540373
3036896642 2363261481 3036896642
3561685908 3028073046 3561685908
640136976 300354070 640136976
1815949149 2066407987 2066407987
1031864918 3359571502 3359571498
2497877834 3212593141 3212593141
468196455 3500712292 3500712292
885151679 1925178860 1925178860
1887086388 3524265834 1887086388
1189047571 1034026567 1189047611
1458691706 1549669561 1549677301
780333598 757441433 781690513
993591554 2007830808 2007830808
1474701567 1683884974 1683884974
3088322007 1034774085 1034769347
3907957753 3228873559 3907957753
750276096 1347961622 1347961622
788346903 1171685676 1171685676
1569795186 562169690 1569795186
61994557 1884724858 1884724858
3010733769 1301223172 1301223172
3695634887 1586014776 1585607402
3868894129 1013600524 3868894129
2316420285 3277727870 3277727870
253571469 3994333962 3994333962
1567487074 2138601023 2138601023
2699125200 2761657199 2761714897
101655492 3724476568 3724476568
2678360922 4289940626 2143289344
2025132025 2635033237 2025132025
1894350267 3821573709 1894350267
3575076629 3902442703 3902442703
2165869402 3399258256 3399258256
1541012101 1979685250 1979685250
3265111211 348553777 3265111211
3051531620 67884343 3051531620
2493876204 2049561113 2049561113
2012960273 2123064755 2123065760
2112838348 1749608133 2112838348
1938551820 2440260192 1938551820
3279060701 2371520752 3279060701
2759614357 3593225650 3593225650
4249922778 466678704 4249922778
3061993294 967130711 966997274
845167823 3405930450 3405930450
295026637 3641431617 3641431617
3309466416 4272737462 4272737462
2868792961 3749128562 3749128562
509103056 3822087132 3822087132
688594574 1350114133 1350114133
550585922 1725123582 1725123582
3216925463 1151416757 1151404572
3531302026 2604036086 3531302026
2701217031 4032138293 4032138293
1854763485 1480221336 1854763485
4271579040 2392304436 4271579040
2639704185 1272597222 1272597222
925294145 729285334 925294146
960178675 838315467 960179170
3207140228 248873359 3207140228
2703185713 4077184635 4077184635
3288023439 1730354742 1730354742
255132098 3582521952 3582521952
13523819 2926287803 2926287803
2881704294 824295111 824288861
3177718963 753604610 3177718963
969150606 3487462770 3487462770
4205327188 1136928139 4205327188
3957117274 3922529995 3957957191
3304580681 601533382 3304580681
1285998006 2910736335 1285998006
4291615187 3498138660 2143289344
1805040956 1010418494 1805040956
4124615161 1186301592 4124615161
1469819789 4142577072 4142577072
2412332138 1136438061 1136438061
22958738 1846651468 1846651468
4234844158 1857640327 4234844158
3004454968 1086775975 1086775975
3331232060 3331997344 3340003310
2612632248 3315067686 3315067686
2486023944 1624863498 1624863498
3169170379 3586837960 3586837960
3612328868 915149874 3612328868
2905943075 18493165 2905943075
2456718502 2453145140 2463320429
1561201115 4269531522 4269531522
3792288323 165976046 3792288323
896942244 893344924 903532192
3854986037 2228721418 3854986037
3130492999 3478668974 3478668974
3296901938 382432499 3296901938
602733848 1697519912 1697519912
1453323154 3208666131 1453323154
671026657 1595765929 1595765929
1016079531 811046250 1016079531
742186910 839648185 839651207
2423964557 1761146129 1761146129
1869548434 2059080657 2059080659
3182828422 3701464739 3701464739
2261023575 2758453133 2758453133
3172084587 2965253815 3172084587
576654342 4221897754 4221897754
707857024 1768854107 1768854107
2802906222 1732393970 1732393970
1044240399 3965745029 3965745029
307218062 1056027605 1056027605
4264891225 3134532614 4264891225
373560699 3240866951 3240866951
4164013683 419996250 4164013683
1778339479 2011038574 2011038574
562695133 861409255 861409255
746269969 796180734 796437938
1733143219 1992126565 1992126565
1022136459 1243091128 1243091128
825650698 3419053588 3419053588
909477153 3898133326 3898133326
2314366761 3447658747 3447658747
2733293269 1142593897 1142593897
2582830942 1177398255 1177398255
509213508 1094049933 1094049933
1183866929 579984206 1183866929
101401427 4053583125 4053583125
2205130980 1726782144 1726782144
3994114815 965033944 3994114815
1730316249 3636424472 1730316249
2714556564 1714530769 1714530769
1098771952 150825555 1098771952
365297848 695533748 695533748
3378504709 2745559305 3378504709
1861730550 3362552548 1861730550
690549913 905956300 905956300
1686759436 3940184053 3940181846
2638107244 3655004799 3655004799
1065847288 3643767593 3643767593
311298230 977797180 977797180
2246377003 217050418 217049502
3686207047 3725555733 3725930631
2325581809 1313401981 1313401981
425046821 2658225616 2658211939
2309281449 3264032911 3264032911
2587867409 551015349 551013815
522975815 3353675196 3353675196
683002571 4030876023 4030876023
455040459 3128346657 3128346657
4188585130 1895037274 4188585069
243585551 3765303935 3765303935
804477227 2265413271 804477227
4228549504 3198766777 4228549504
198928423 3524046195 3524046195
692528610 3218446034 3218446034
2666982782 1236327278 1236327278
1819388436 506135700 1819388436
4238205840 1023656188 4238205840
1325763291 2159831408 1325763291
2887852020 2170147856 2887852020
2169556129 2502438425 2502438425
3683778370 1696949470 1696949452
3573972957 3379672748 3573972958
4127490962 3921965493 4127490962
3428157534 1059676035 3428157534
3325582350 3163343132 3325582368
1243399465 2911866934 1243399465
1086495066 2246656587 1086495066
3422013946 809731188 3422013946
1447201341 3415496543 1447201336
1949020138 4125858480 4124452019
34189872 3100263440 3100263440
3496954884 3942178667 3942178667
673254641 4227043526 4227043526
1684821860 1512046132 1684821870
1527042352 2741149287 1527042352
2831643863 2035525608 2035525608
305098338 4237538201 4237538201
953923371 402901536 953923371
2565738521 1771136770 1771136770
2643841031 3760411562 3760411562
418006072 1219991089 1219991089
2218657754 3383544529 3383544529
2579742065 1644041165 1644041165
2620193202 4208975779 4208975779
2061814459 3794731752 2061814459
3349886528 1294161081 1294155602
1071607661 3307954234 3307947084
891118555 1446787839 1446787839
1011021897 2604308568 1011021897
1263320678 2828153365 1263320678
4015125318 3563085150 4015125318
4071431025 105015561 4071431025
1956165562 945570942 1956165562
3942215031 3057663713 3942215031
1375338811 2420313873 1375338811
2600311385 2128607602 2128607602
2037327219 237124958 2037327219
1943308831 1495833529 1943308831
3514358541 3715577203 3715577204
3223011892 132683724 3223011892
3613042464 1702680665 1702680665
1788290691 4059380985 4059380380
3725006175 218531090 3725006175
1545470342 3219961682 1545470342
2314330601 1106437761 1106437761
2253898104 3722056592 3722056592
959020299 3204337570 3204332146
3155774150 3804074742 3804074742
1279649178 927389913 1279649178
2352158863 2281885006 2352192348
1758939068 3346938922 1758939068
3431887588 1055272360 3431887588
3416773571 991047834 3416773571
1750773804 116746374 1750773804
1461981078 4116791840 4116791840
1900791063 3049499279 1900791063
463541908 2729710935 2729710291
1595903459 3195433002 1595903459
3985812012 2283260099 3985812012
441641693 2044979190 2044979190
528748314 1930726274 1930726274
262624456 2750665471 2750665471
1333375124 865586128 1333375124
74318213 3814183052 3814183052
3595728715 3486449886 3595730371
249695733 1501364279 1501364279
4171914294 2485108006 4171914294
551884070 605707641 605824931
1130055517 4176195335 4176195335
728477196 3877894565 3877894565
2912045443 3959519640 3959519640
3547697950 1426629426 1425183744
3555783834 726428036 3555783834
1249703349 909554516 1249703349
571954292 386553031 571954294
804873588 515871228 804873588
1633913161 306250642 1633913161
263181511 4251257711 4251257711
376644274 318075328 376769942
129304716 569263903 569263903
2267395454 3553031433 3553031433
3156339488 2492112754 3156339488
365177860 3326096567 3326096567
159993373 2709746440 2709746440
1758067079 3788913076 1758066222
1320844546 2742197151 1320844546
1889764176 2242510198 1889764176
4032106435 3061236624 4032106435
1780504359 1921537237 1921537317
3026111053 1486332801 1486332801
720944043 2008551989 2008551989
293024522 728916531 728916531
1806928849 3421249528 1806928849
3356162653 1119714214 3356156590
1812166552 659412970 1812166552
3243748990 1058074821 3243155314
3433939476 3616663762 3616663765
2959598018 1418203765 1418203765
4092713576 2946561752 4092713576
2773859625 3678251355 3678251355
3785881387 333910801 3785881387
3786217708 3285754800 3786217708
887004988 1321413116 1321413116
3232672337 930385969 3232672306
1943107453 2958809208 1943107453
2793831379 3907546740 3907546740
479047592 1267097853 1267097853
4230024503 2443122590 4230024503
1068188414 1244828040 1244828045
1456906867 2380638463 1456906867
1222099615 2670877084 1222099615
1912408810 2621370534 1912408810
666240313 2678111265 666240152
3971735077 580163289 3971735077
1406357964 2978733635 1406357964
2651731896 2898030713 2898030713
2403311463 2931693661 2931693661
2617298851 318130601 2617298820
3226738089 1919158214 1919158214
220979466 1756792515 1756792515
1869082527 372422986 1869082527
4278166590 955062977 4278166590
1420164509 1893920082 1893920082
3575586552 3190758304 3575586552
3311261185 1018173867 3311261097
3631113992 3563748727 3631174021
1992259411 2344185787 1992259411
159515172 3265986269 3265986269
4127131026 2029612493 2029351351
2321435802 2144022872 2143289344
354956874 2661674510 2661674489
3098585621 3985603413 3985603413
3993400178 2112318952 2112318952
4118803498 2270566836 4118803498
2757559144 2585557270 2757559154
4289306765 3167603394 2143289344
515416173 308594841 515416173
1760424474 2214860683 1760424474
2871716341 2068420125 2068420125
2210365421 3958606864 3958606864
1438293015 2119594623 2119594623
2393951373 2011421380 2011421380
4158044808 4132617482 4159771177
2203837933 1935211175 1935211175
2529602067 776892712 776892712
1829574249 931647653 1829574249
618691023 408827364 618691023
2521435549 2440096 2521435549
2775290894 1855192487 1855192487
1574031288 3303871729 1574031288
2313912779 3150214384 3150214384
3047169368 138079280 3047169368
925532429 2448057930 925532429
4189938448 662640977 4189938448
453368636 4041891866 4041891866
4152382814 718827199 4152382814
1725322233 2691394946 1725322233
838497303 1401183096 1401183096
1697752025 2755484913 1697752025
1323126120 1770637189 1770637189
1243749966 3262642066 1243749718
657279959 990759299 990759299
1073696950 3890346385 3890346385
4056494851 2148384084 4056494851
671734303 3247395342 3247395342
2113513551 3649563382 2113513551
1546164666 4289936218 2143289344
3466053094 961839309 3466053094
3116195371 1232193533 1232193533
1502345155 1075601917 1502345155
2930111121 1129023774 1129023774
2743621397 2501581116 2743621397
3224656917 4267146744 4267146744
37882933 4253211998 4253211998
469669590 2262473801 469669590
1464110555 2744600969 1464110555
3099835360 3693545360 3693545360
1726489234 4006918693 4006918461
1384849078 875574727 1384849078
1628359924 2270069440 1628359924
2869724513 3577007912 3577007912
965753991 1302243003 1302243003
4031596690 1888965453 1875033104
1037538976 4233210397 4233210397
1928317235 4230743347 4230743317
3948431657 3891699118 3948557924
2498977461 3429309528 3429309528
4125553668 1155906698 4125553668
162126778 1378040575 1378040575
2735457856 2350561904 2735457856
346108493 2408520484 346099334
749036221 2171118077 749036221
2472614621 2734478030 2734478030
1771909424 1753734028 1774135315
2914450041 3217678504 3217678504
3469220196 1432586025 1432584424
1821393705 1420246887 1821393705
2265783823 546431345 546431345
1847228571 810512770 1847228571
2286671277 3652959359 3652959359
4232241625 1916768048 4232241613
241935333 978684691 978684691
450193414 3261345191 3261345191
4229137387 2379330817 4229137387
759557591 90864377 759557591
4192279637 1358762112 4192279637
481082753 760215272 760215272
1096311340 2816952488 1096311340
3830180218 1181249324 3830180218
2951677532 278944292 2951677532
43392062 235943982 235943983
3964806459 2498499719 3964806459
3458177840 93301531 3458177840
95491168 3645534367 3645534367
440709772 667425545 667425545
2228852111 2605182572 2605182572
983053899 1909920537 1909920537
2898550205 1902032800 1902032800
1643483364 308366378 1643483364
1940789474 3447794661 1940789474
2691908286 3835631215 3835631215
541901987 47316226 541901987
2354324744 767099093 767099093
2551173367 3882238929 3882238929
1447993132 2360057096 1447993132
2927860811 644415081 2927860695
3854197356 870978361 3854197356
3471511486 2834619334 3471511486
605440283 3113064547 3113064547
843850107 2574518539 843850107
4121801624 4093741119 4122862752
3741941172 2121987019 2121987019
2403196071 1289658042 1289658042
3955485906 2049699740 2049699740
3314109069 1544754968 1544754968
3180097474 963858919 3180066329
3151627962 197410652 3151627962
450193565 1512741141 1512741141
2070327570 3055479882 2070327570
1542117908 79189760 1542117908
1397555456 1886257351 1886257351
2335259295 2765999317 2765999317
1063704911 2621665686 1063704911
2712647724 3335679632 3335679632
2242187260 3481155671 3481155671
951780892 3056753225 951415626
196900437 441512743 441512743
3713947441 2040205861 2040205861
2666512232 2591608853 2666544080
2984409044 1054698105 1054698105
765625116 182758665 765625116
3714150168 960313115 3714150168
2470335458 1953756578 1953756578
697316468 1777817183 1777817183
357349695 758778907 758778907
599980966 3540837794 3540837794
2437041511 3975793968 3975793968
1872543903 864784445 1872543903
2613858409 3992485271 3992485271
2287468841 76712235 2287393815
1304052866 3972683570 3972683570
2226292656 4088503021 4088503021
2187301891 51762357 45866856
3749727854 3277142925 3749727854
3071967503 4166984024 4166984024
842647200 3890820403 3890820403
999110454 4169168396 4169168396
822189656 2363621459 822189656
3390207014 335678064 3390207014
286497279 3649816813 3649816813
259530846 2636372284 2636372284
4029624317 2640274211 4029624317
2065882024 1792090608 2065882024
2740891811 2456042587 2740891811
2155072874 659620128 659620128
2846134153 3177288070 3177288070
3044508584 322196881 3044508584
3018853458 3134384527 3134385487
787760610 3646334560 3646334560
2249900659 2029237518 2029237518
3104126229 2189704748 3104126229
2339661280 1340950091 1340950091
3985199387 4163792911 4163792915
